<< Prediction Matrix >>

0.8170    	4.6120    	4.4880    	1.3140    	2.9600    	4.4790    	0.0300    	4.3650    	3.4810    	1.3020    	1.0830    	3.7366    	0.3450    	3.4000    	4.2480    	2.7520    	3.2800    	0.3310    	3.3457    	4.1920    	2.6115    	0.2760    	1.5710    	0.3250    	1.3250    
3.3080    	4.7170    	1.1940    	1.0210    	3.1444    	4.4020    	1.4960    	3.3120    	3.0870    	2.6540    	3.4830    	4.7460    	2.7960    	0.2510    	2.7070    	2.2640    	2.4340    	3.2580    	0.4200    	3.3310    	3.1780    	0.4475    	3.9660    	1.2570    	2.8440    
1.8210    	1.2700    	3.5980    	3.1480    	4.2520    	4.3920    	4.4010    	0.5630    	0.5760    	4.9060    	2.4270    	3.1120    	3.2070    	2.3520    	2.1690    	2.4450    	4.8540    	0.8870    	2.0680    	3.1490    	4.5730    	0.6120    	3.1327    	1.2240    	4.7790    
0.8941    	4.4380    	3.7950    	3.1820    	4.2280    	1.9900    	4.0160    	4.7850    	2.7067    	4.8460    	4.2650    	0.2860    	0.0270    	1.1840    	2.4650    	4.4990    	1.4000    	0.7600    	0.4160    	2.0160    	2.9290    	3.8580    	1.5050    	1.3380    	0.4700    
0.7450    	3.3700    	3.1610    	2.2260    	0.0930    	2.6760    	1.5560    	2.6920    	4.1120    	4.3711    	0.6770    	1.6660    	2.7220    	1.7550    	1.9130    	3.1790    	0.4820    	3.0900    	4.4820    	4.9050    	1.1020    	3.1100    	4.0030    	2.4880    	3.4310    
1.0290    	3.9550    	3.3800    	3.1120    	1.9090    	0.8610    	0.3250    	0.4390    	3.9620    	1.4680    	3.2250    	1.5760    	2.6234    	4.6380    	2.1100    	2.6939    	2.2860    	2.8220    	0.9950    	4.0530    	1.9900    	0.2640    	4.6950    	0.6230    	0.0930    
3.3820    	4.7070    	3.9830    	2.5549    	2.8390    	3.8850    	0.0710    	3.0280    	2.9395    	0.5520    	4.1440    	4.4050    	2.9460    	3.9220    	4.9910    	2.8440    	1.9520    	2.7010    	4.9550    	3.5520    	2.4743    	1.5390    	2.7340    	2.2987    	3.0580    
0.9700    	4.3360    	3.5890    	4.4650    	3.6860    	1.8240    	2.2070    	1.2360    	1.9450    	4.7700    	1.2530    	4.3870    	0.5190    	2.8982    	4.7250    	4.3980    	2.2480    	1.7834    	0.0530    	0.4200    	0.3600    	4.0770    	3.0882    	0.9831    	4.0370    
1.4420    	0.0570    	1.3760    	2.5130    	4.2370    	3.6030    	2.3450    	3.4060    	1.7260    	4.7440    	3.2770    	4.4960    	4.6030    	1.8370    	2.5950    	1.0910    	4.2170    	1.5450    	4.8990    	1.3140    	0.2270    	0.1340    	4.6610    	2.8900    	1.9610    
3.6770    	1.1800    	2.9940    	2.5930    	4.0340    	2.1190    	4.1790    	0.4990    	4.0410    	3.8240    	4.2790    	0.4540    	3.6060    	3.9260    	2.4310    	1.4620    	1.0570    	1.1580    	4.6790    	2.6470    	4.5140    	2.5310    	4.0030    	1.7620    	0.3340    


<< User Similarity Matrix >>

1.0000    	0.7791    	1.6293    	1.3356    	1.0642    	1.2760    	0.8306    	1.3351    	1.3402    	1.6892    
0.7791    	1.0000    	1.2477    	0.9699    	0.9015    	1.1186    	0.5782    	1.1060    	1.1165    	1.2994    
1.6293    	1.2477    	1.0000    	1.6616    	1.3729    	1.6287    	1.5408    	1.3261    	1.0396    	1.3138    
1.3356    	0.9699    	1.6616    	1.0000    	1.3142    	1.2697    	1.2340    	1.3576    	1.2350    	1.0874    
1.0642    	0.9015    	1.3729    	1.3142    	1.0000    	1.1293    	1.1170    	1.2007    	1.4028    	1.3425    
1.2760    	1.1186    	1.6287    	1.2697    	1.1293    	1.0000    	1.1794    	1.3376    	1.4220    	1.0752    
0.8306    	0.5782    	1.5408    	1.2340    	1.1170    	1.1794    	1.0000    	1.1215    	1.3394    	1.4757    
1.3351    	1.1060    	1.3261    	1.3576    	1.2007    	1.3376    	1.1215    	1.0000    	1.3240    	1.3998    
1.3402    	1.1165    	1.0396    	1.2350    	1.4028    	1.4220    	1.3394    	1.3240    	1.0000    	1.1085    
1.6892    	1.2994    	1.3138    	1.0874    	1.3425    	1.0752    	1.4757    	1.3998    	1.1085    	1.0000    


<< Prediction History >>

Position (0,11) => Neighbours: [2 8], Prediction: [3.73664861]
Position (0,18) => Neighbours: [2 8], Prediction: [3.34573137]
Position (0,20) => Neighbours: [2 8], Prediction: [2.61149505]
Position (1,4) => Neighbours: [2 5], Prediction: [3.14442082]
Position (1,21) => Neighbours: [2 5], Prediction: [0.447494]
Position (2,22) => Neighbours: [0 5], Prediction: [3.13273901]
Position (3,0) => Neighbours: [7 0], Prediction: [0.89412473]
Position (3,8) => Neighbours: [7 0], Prediction: [2.70672824]
Position (4,9) => Neighbours: [2 9], Prediction: [4.37106119]
Position (4,22) => Neighbours: [2 9], Prediction: [4.003]
Position (5,12) => Neighbours: [8 7], Prediction: [2.62344936]
Position (5,15) => Neighbours: [8 7], Prediction: [2.69393192]
Position (6,3) => Neighbours: [9 8], Prediction: [2.55493644]
Position (6,8) => Neighbours: [9 8], Prediction: [2.93953587]
Position (6,20) => Neighbours: [9 8], Prediction: [2.47426924]
Position (6,23) => Neighbours: [9 8], Prediction: [2.29869613]
Position (7,2) => Neighbours: [3 5], Prediction: [3.58903502]
Position (7,13) => Neighbours: [3 5], Prediction: [2.8982242]
Position (7,17) => Neighbours: [3 5], Prediction: [1.78337299]
Position (7,22) => Neighbours: [3 5], Prediction: [3.0882007]
Position (7,23) => Neighbours: [3 5], Prediction: [0.98314467]
